AGE00135039 {(1884, 126.61, 215.27), (1885, 140.95, 239.10), (1886, 143.33, 227.46), (1887, 142.08, 221.59), (1888, 136.02, 220.10), (1889, 125.59,212.14)}
AGE00147705 {(1886, No Record, 154.00), (1887, 145.20, 228.23), (1888, 149.35, 224.32), (1889, 144.27,220.39)}
AGE00147708 {(1886, 128.05, 255.48), (1887, 113.06, 235.28), (1888, 112.20, 235.26), (1889, 100.54,227.95)}
AGE00147709 {(1884, 95.12, 189.33), (1885, 97.69, 197.73), (1886, 96.88, 182.86), (1887, 96.30, 183.53), (1888, 97.30, 176.83), (1889, 90.91,174.68)}
AGE00147711 {(1886, 110.67, 227.06), (1887, 93.93, 215.00), (1888, 92.56, 203.81), (1889, 88.81,197.96)}
AGE00147712 {(1886, No Record, 170.00), (1887, 79.38, 230.41), (1888, 106.99, 249.09), (1889, 91.07,215.95)}
AGE00147713 {(1880, 79.94, 207.63), (1881, 79.34, 214.39), (1882, 69.04, 210.48), (1886, 97.63, 222.97), (1887, 82.70, 205.98), (1888, 74.66, 203.21), (1889, 69.15,173.64)}
AGE00147715 {(1886, 99.94, 227.25), (1887, 113.00, 266.73), (1888, 93.30, 238.88), (1889, 88.67,237.90)}
AGE00147716 {(1880, No Record, 240.52), (1881, 110.37, 228.62), (1882, 102.52, 226.85), (1883, 91.61, 231.72), (1884, 128.10, 219.11), (1885, 135.46, 232.79), (1886, 132.73, 223.22), (1887, 130.95, 220.20), (1888, 131.26, 217.16), (1889, 124.07,214.41)}
AGE00147717 {(1880, 72.46, 233.99), (1881, 87.37, 248.38), (1882, 18.44, 238.21), (1883, 90.52, 238.77), (1884, 84.81, 218.89), (1885, 75.76, 235.57), (1886, 89.64, 248.92), (1887, 88.27, 243.46), (1888, 77.47, 235.29), (1889, 71.64,228.20)}
AGE00147718 {(1880, 147.88, 306.61), (1881, 158.00, 283.81), (1882, 139.67, 271.77), (1883, 127.04, 274.22), (1885, 147.19, 270.06), (1886, 145.86, 266.39), (1887, 142.98, 268.57), (1888, 152.98, 277.34), (1889, 145.09,268.72)}
AGE00147719 {(1888, 93.07, 265.20), (1889, 87.18,260.07)}
AGE00147720 {(1888, 56.67, 219.38), (1889, 51.64,214.64)}
AJ000037735 {(1882, 96.55,210.93)}
AM000037789 {(1886, 45.17, No Record), (1887, 49.22, No Record), (1888, -15.26, No Record), (1889, 62.76,No Record)}
ASN00014016 {(1885, 230.32, 328.13), (1886, 237.48, 334.36), (1887, 227.14, 325.87), (1888, 234.34, 336.32), (1889, 240.53,340.00)}
ASN00015540 {(1880, 124.64, 306.51), (1881, 133.05, 303.56), (1882, 133.57, 284.92), (1883, 120.38, 298.06), (1884, 126.75, 299.66), (1885, 118.49, 296.68), (1886, 124.31, 295.19), (1887, 122.47, 289.90), (1888, 133.26, 301.23), (1889, 139.16,301.21)}
ASN00023000 {(1887, 114.35, 208.62), (1888, 121.32, 227.65), (1889, 120.32,217.02)}
ASN00026026 {(1884, 94.88, 187.11), (1885, 93.17, 182.45), (1886, 91.88, 187.36), (1887, 94.06, 187.19), (1888, 91.43, 189.24), (1889, 94.79,191.26)}
ASN00031010 {(1889, 228.97,306.90)}
ASN00033046 {(1889, 224.17,291.16)}
ASN00035027 {(1889, 193.89,319.70)}
ASN00038003 {(1888, 158.53, 328.07), (1889, 176.67,329.94)}
ASN00040214 {(1887, 149.94, 245.01), (1888, 148.59, 256.78), (1889, 160.23,255.95)}
ASN00044022 {(1889, 116.39,257.29)}
ASN00048013 {(1880, 123.74, 283.21), (1881, 139.91, 273.59), (1882, 146.96, 278.45), (1883, 145.32, 288.65), (1884, 149.28, 288.32), (1885, 132.01, 297.67), (1886, 127.04, 290.00), (1887, 126.83, 272.83), (1888, 124.42, 306.83), (1889, 138.63,293.47)}
ASN00048030 {(1881, 90.05, 275.88), (1882, 112.66, No Record), (1883, 104.32, 290.48), (1884, 104.02, 324.63), (1885, 108.19, 286.26), (1886, 110.15, 270.67), (1887, 105.59, 284.57), (1888, 128.22, 299.34), (1889, 154.97,288.19)}
ASN00052026 {(1880, 127.47, 278.90), (1881, 127.76, 269.95), (1882, 115.31, 297.56), (1883, 115.75, 275.16), (1884, 133.22, 290.69), (1885, 125.45, 280.55), (1886, 128.68, 258.21), (1887, 123.75, 253.62), (1888, 122.95, 265.27), (1889, 140.59,250.08)}
ASN00055023 {(1880, 49.13, 287.20), (1881, 66.82, 289.35), (1882, 111.66, 296.70), (1883, 122.55, 270.28), (1884, 128.63, 261.02), (1885, 126.50, 248.76), (1886, 121.35, 239.02), (1887, 116.90, 231.05), (1888, 127.40, 267.94), (1889, 142.42,281.35)}
ASN00056017 {(1880, 75.89, 225.63), (1881, 67.28, 220.69), (1882, 60.14, 221.11), (1883, 52.16, 232.49), (1884, 72.87, 241.19), (1885, 116.52, 243.46), (1886, 100.76, 230.66), (1887, 99.04, 208.99), (1888, 89.44, 220.40), (1889, 113.90,215.06)}
ASN00063004 {(1880, 64.69, 202.02), (1881, 61.52, 202.05), (1882, 66.52, 210.23), (1883, 58.87, 203.10), (1884, 62.45, 216.15), (1885, 62.13, 219.45), (1886, 66.75, 211.35), (1887, 70.53, 198.78), (1888, 55.09, 228.85), (1889, 71.66,223.46)}
ASN00065016 {(1880, 112.33, 264.84), (1881, 103.79, 247.47), (1882, 110.53, 252.31), (1883, 98.30, 238.75), (1884, 84.04, 241.95), (1885, 95.60, 259.09), (1886, 94.63, 237.77), (1887, 89.52, 336.90), (1888, 90.11, 270.71), (1889, 130.54,239.30)}
ASN00066062 {(1880, 133.55, 208.05), (1881, 130.89, 204.22), (1882, 135.81, 211.42), (1883, 129.82, 206.47), (1884, 135.60, 211.74), (1885, 137.93, 215.85), (1886, 136.74, 212.39), (1887, 138.23, 202.79), (1888, 133.75, 209.08), (1889, 143.07,207.28)}
ASN00072151 {(1880, 90.64, 241.64), (1881, 89.11, 225.00), (1882, 63.45, 228.23), (1883, 49.29, 227.59), (1884, 74.74, 241.03), (1885, 80.73, 240.53), (1886, 83.14, 218.99), (1887, 69.53, 232.83), (1888, 48.48, 255.82), (1889, 93.15,249.99)}
ASN00074128 {(1880, 85.58, 233.41), (1881, 77.70, 235.75), (1882, 85.40, 247.85), (1883, 83.87, 242.86), (1884, 75.37, 252.74), (1885, 76.87, 260.52), (1886, 69.25, 269.47), (1887, 77.69, 270.94), (1888, 67.96, 272.85), (1889, 84.60,266.79)}
ASN00076077 {(1889, 96.86,225.26)}
ASN00086071 {(1880, 99.34, 194.05), (1881, 95.27, 194.92), (1882, 95.13, 198.48), (1883, 97.67, 199.92), (1884, 92.67, 192.90), (1885, 95.04, 189.73), (1886, 90.46, 191.17), (1887, 99.77, 190.46), (1888, 92.99, 192.78), (1889, 99.66,195.31)}
ASN00090015 {(1880, 104.40, 193.90), (1881, 102.00, 190.62), (1882, 100.55, 192.75), (1883, 104.08, 200.10), (1884, 96.79, 188.40), (1885, 91.08, 181.62), (1886, 103.86, 186.70), (1887, 106.02, 182.43), (1888, 103.98, 181.24), (1889, 108.28,185.82)}
ASN00091049 {(1884, 108.50,234.74)}
ASN00094029 {(1882, 69.81, 148.36), (1883, 88.48, 170.15), (1884, 76.45, 165.17), (1885, 75.40, 163.38), (1886, 73.71, 164.13), (1887, 77.21, 170.52), (1888, 71.77, 167.40), (1889, 79.88,169.34)}
AU000005010 {(1880, 49.95, 122.77), (1881, 40.08, 111.53), (1882, 49.43, 122.81), (1883, 45.80, 116.22), (1884, 49.60, 124.83), (1885, 45.26, 121.14), (1886, 49.19, 120.56), (1887, 40.05, 110.43), (1888, 40.52, 109.36), (1889, 44.29,109.48)}
AU000005901 {(1880, 57.13, 138.99), (1881, 47.90, 122.95), (1882, 61.06, 142.07), (1883, 54.24, 128.28), (1884, 56.60, 135.53), (1885, 54.06, 136.69), (1886, 55.75, 133.95), (1887, 49.17, 124.81), (1888, 45.45, 121.68), (1889, 52.19,123.26)}
AU000006306 {(1880, 45.48, 131.18), (1881, 38.42, 123.02), (1882, 43.96, 131.42), (1883, 39.89, 123.52), (1884, 56.71, 141.05), (1885, 48.99, 141.13), (1886, 54.35, 139.15), (1887, 39.61, 126.20), (1888, 44.21, 128.18), (1889, 46.62,125.73)}
AU000011801 {(1880, 36.86, 136.97), (1881, 36.15, 131.02), (1882, 37.83, 136.11), (1883, 31.96, 125.84), (1884, 44.50, 126.22), (1885, 40.76, 132.47), (1886, 46.58, 130.83), (1887, 39.43, 118.00), (1888, 42.09,120.05)}
AU000015410 {(1886, -134.43, -80.49), (1887, -98.05, -49.84), (1888, -92.24, -45.36), (1889, -92.99,-49.03)}
BE000006447 {(1880, 57.16, 136.70), (1881, 49.28, 126.63), (1882, 58.17, 131.03), (1883, 55.04, 131.30), (1884, 59.02, 138.85), (1885, 47.21, 126.42), (1886, 53.20, 132.17), (1887, 41.44, 120.70), (1888, 44.39, 117.39), (1889, 52.07,124.14)}
CA001066336 {(1886, 57.16, 130.18), (1887, 12.02, 90.65), (1888, 33.37, 104.37), (1889, 37.21,115.30)}
CA001090660 {(1888, -22.35, 110.16), (1889, -21.30,80.16)}
CA001100120 {(1889, -13.60,65.32)}
CA001101530 {(1881, 57.59,149.34)}
CA001104468 {(1880, 32.54, 117.02), (1881, 46.33, 142.12), (1882, -7.29,64.17)}
CA001105550 {(1880, 39.06, 120.71), (1881, 47.11, 130.36), (1882, -19.80,30.02)}
CA001114620 {(1881, 38.69, 138.12), (1882, 35.85, 134.59), (1883, 37.71,145.69)}
CA001167635 {(1882, -33.05, 64.78), (1883, 27.10, 65.08), (1884, 46.00, 167.70), (1888, 57.86, 166.77), (1889, 42.56,162.81)}
CA003012195 {(1880, -39.48, 76.28), (1881, -70.71, 44.44), (1882, -53.18, 75.06), (1883, -64.55, 71.59), (1884, -60.02, 78.66), (1885, -42.41, 96.17), (1886, -53.56, 83.17), (1887, -76.26, 65.29), (1888, -47.06, 77.54), (1889, -15.11,116.61)}
CA003031093 {(1881, -121.72, 17.03), (1882, -103.86, 38.50), (1884, -30.79, 104.22), (1885, -32.35, 121.79), (1886, -39.84, 106.62), (1887, -54.27, 81.44), (1888, -37.98, 91.43), (1889, -27.47,123.40)}
CA003032680 {(1885, 40.86, 173.06), (1886, -73.33,65.51)}
CA003033879 {(1886, 35.88, 168.83), (1887, -208.73,-99.90)}
CA003034480 {(1883, 63.57, 97.17), (1884, -19.39, 92.45), (1885, -17.13, 129.39), (1886, -18.90, 123.90), (1887, -39.21, 96.56), (1888, -23.12, 105.98), (1889, -8.56,134.23)}
CA003050520 {(1887, -193.41, -74.18), (1888, -134.19, -7.03), (1889, -86.04,59.79)}
CA003072145 {(1880, -97.42, 50.23), (1881, -78.27, 59.84), (1882, -81.19, 70.77), (1884, -4.29, 141.58), (1886, -114.51,34.77)}
CA003072657 {(1883, -181.83, -109.93), (1884, -82.11, 23.19), (1885, -71.29, 22.45), (1886, -89.40, -4.00), (1887, -188.13, -106.06), (1888, -49.58, 34.59), (1889, -67.59,24.62)}
CA004013030 {(1889, -7.79,134.41)}
CA004013400 {(1880, -278.12,-142.58)}
CA004013480 {(1889, -88.67,52.19)}
CA004016320 {(1883, -18.31, 102.96), (1884, -70.48, 48.52), (1885, -50.64, 65.97), (1886, -53.12, 74.22), (1887, -68.13, 53.15), (1888, -55.80, 58.78), (1889, -34.59,102.89)}
CA004016560 {(1883, -239.84, -107.35), (1884, -82.14, 52.28), (1885, -59.06, 75.10), (1886, -61.73, 77.21), (1887, -74.69, 61.37), (1888, -308.74,-203.68)}
CA004019070 {(1884, -90.08,33.24)}
CA004028035 {(1885, -108.42, 1.84), (1886, -36.56, 106.81), (1887, -54.09, 81.32), (1888, -45.98, 90.02), (1889, -31.07,123.90)}
CA004040420 {(1880, -102.41, 62.44), (1881, -102.26, 40.46), (1882, -117.61, 3.33), (1883, -196.55, -58.61), (1884, -107.43, 8.66), (1885, -290.07, -188.71), (1886, -119.78,-0.11)}
CA004056230 {(1884, -163.16, -14.24), (1885, -108.13, 43.57), (1886, -112.33, 63.77), (1887, -88.30, 65.12), (1888, -119.92, 113.53), (1889, -69.85,86.45)}
CA005010977 {(1889, -45.24,83.82)}
CA005011760 {(1880, No Record, -144.06), (1881, -28.14, 55.11), (1882, -57.07, 61.95), (1883, -91.90, 37.60), (1884, -83.21, 45.01), (1885, -80.30, 54.82), (1886, -79.19, 69.03), (1887, -86.02, 57.52), (1888, -76.51, 58.17), (1889, -52.92,100.70)}
CA005012279 {(1886, -31.48, 115.37), (1887, -128.82, 67.61), (1888, -48.96, 64.89), (1889, -11.34,124.70)}
CA005012520 {(1883, -118.68, 6.90), (1884, -82.37, 41.80), (1885, -75.15, 53.00), (1886, -79.04, 63.31), (1887, -87.80, 51.79), (1888, -82.48, 47.47), (1889, -66.66,88.86)}
CA005012540 {(1885, -10.89, 133.30), (1886, -60.69, 94.63), (1887, -68.47, 77.10), (1888, -63.50, 78.04), (1889, -42.52,108.90)}
CA005022547 {(1880, -65.81, 62.45), (1881, -53.50, 77.06), (1882, -77.55, 57.37), (1883, -87.62, 52.70), (1884, -76.97, 57.41), (1885, -52.69,78.85)}
CA005022790 {(1880, -59.58, 63.96), (1881, -39.51, 105.47), (1882, No Record, 77.99), (1883, -68.53, 46.39), (1884, -62.25, 59.87), (1885, -71.56, 67.58), (1886, -60.04, 75.51), (1887, -70.21, 65.25), (1888, -61.40, 69.58), (1889, -44.44,100.19)}
CA005023243 {(1880, -65.84, 57.48), (1881, -58.49, 71.69), (1882, -50.41, 72.07), (1883, -80.62, 47.46), (1884, -65.04, 44.10), (1885, -61.90, 60.47), (1886, -60.81, 75.83), (1887, -73.50, 63.92), (1888, -62.30, 64.81), (1889, -45.15,92.34)}
CA005030556 {(1889, 37.00,82.47)}
CA0050520EE {(1889, -184.56,No Record)}
CA005062047 {(1884, No Record, -45.00), (1885, -315.89,-215.30)}
CA005063350 {(1880, -133.33, -43.90), (1881, -118.65, -18.38), (1882, -106.68, -4.17), (1883, -220.99, -130.68), (1885, -177.61, -117.82), (1886, -125.30, -39.52), (1887, -150.43, -60.70), (1888, -133.93, -53.40), (1889, -115.26,-22.30)}
CA006046588 {(1880, -53.23, 65.81), (1881, -37.48, 77.73), (1882, -33.67, 78.13), (1883, -68.18, 61.58), (1884, -54.78, 64.83), (1885, -54.77, 57.77), (1886, -44.72, 68.17), (1887, -49.77, 63.99), (1888, -50.32, 59.56), (1889, -29.13,85.25)}
CA006055095 {(1882, -35.78,50.10)}
CA006057595 {(1889, 24.04,130.73)}
CA006059475 {(1888, -199.50, -49.23), (1889, -63.40,75.52)}
CA006068148 {(1887, -1.79, 137.39), (1888, -287.15, 77.62), (1889, 1.97,105.83)}
CA006075400 {(1880, -72.25, 34.92), (1881, -67.24, 41.08), (1882, -189.01, -64.71), (1889, -127.34,-27.70)}
CA006085023 {(1882, 88.64, 217.12), (1883, -95.42, 47.23), (1886, 17.49, 141.38), (1887, -47.84, 113.94), (1888, -35.21, 108.45), (1889, -38.40,119.78)}
CA006085682 {(1887, -139.26, -36.77), (1888, -60.87, 91.47), (1889, -26.98,109.09)}
CA006092915 {(1882, -104.16,-16.77)}
CA006094450 {(1880, 5.43, 98.09), (1881, -8.10, 86.97), (1886, 30.02, 124.99), (1887, -7.60, 101.16), (1888, -9.03, 87.25), (1889, 14.41,108.75)}
CA006100969 {(1885, 28.35, 122.59), (1886, 14.74,113.69)}
CA006101658 {(1888, 17.54, 145.34), (1889, -10.96,117.76)}
CA006101872 {(1880, 8.97, 121.82), (1881, 14.14, 120.79), (1882, 6.70, 110.78), (1883, -8.98, 103.97), (1884, 3.21, 109.75), (1885, -6.90, 97.46), (1886, 1.45, 109.99), (1887, -2.69,108.22)}
CA006102417 {(1880, 19.84, 144.57), (1881, 60.26, 184.33), (1882, -10.03, 121.88), (1883, -25.21, 106.59), (1884, -1.63, 134.73), (1885, -36.71,113.55)}
CA006104185 {(1880, 24.31, 126.31), (1881, 24.42, 127.70), (1882, 24.51, 121.17), (1883, 4.19, 101.59), (1884, 16.50, 106.96), (1885, 3.66, 92.91), (1886, 16.62, 106.18), (1887, 18.48, 108.46), (1888, 12.97, 101.72), (1889, 33.35,113.05)}
CA006105887 {(1880, 6.11, 120.81), (1881, -50.06, 55.70), (1882, -34.60, 40.67), (1883, -17.37, 89.14), (1884, -15.86, 104.38), (1885, -21.91, 85.46), (1886, -8.91, 92.42), (1887, -11.54, 100.45), (1888, -8.38, 95.48), (1889, 6.48,112.08)}
CA006105976 {(1889, -59.52,13.95)}
CA006106362 {(1880, -8.40, 114.76), (1881, 1.49, 122.86), (1882, -5.53, 110.35), (1883, -23.27, 99.43), (1884, -17.72, 106.73), (1885, -18.19, 103.06), (1886, -6.24, 108.90), (1887, -14.44, 109.04), (1888, -92.50,25.01)}
CA006107003 {(1885, 1.80, 129.34), (1886, -21.50, 107.96), (1887, -24.71, 110.72), (1888, -14.48, 117.25), (1889, -7.92,121.88)}
CA006108060 {(1880, -28.31, 100.58), (1881, -23.03, 109.96), (1882, -26.40, 98.38), (1883, -51.71, 83.74), (1884, -35.37, 95.31), (1885, -49.70, 84.24), (1886, -40.90, 95.22), (1887, -45.25, 98.49), (1888, -41.83, 86.56), (1889, -16.62,106.24)}
CA006110458 {(1889, -45.98,43.48)}
CA006110549 {(1880, 8.18, 116.80), (1881, 8.81, 124.86), (1882, 10.04, 118.41), (1883, -8.86, 98.75), (1884, 2.58, 109.11), (1885, -10.38, 93.73), (1886, -0.33, 113.84), (1887, 2.09,114.88)}
CA006110605 {(1880, -17.18, 104.93), (1881, -12.13, 116.79), (1882, -18.53, 103.30), (1883, -38.99, 84.86), (1884, -22.36, 95.35), (1885, -32.10, 80.13), (1886, -21.42, 92.68), (1887, -26.26, 97.28), (1888, -26.60, 84.11), (1889, -1.52,102.88)}
CA006111375 {(1887, -51.13, 100.75), (1888, -44.70, 86.84), (1889, -20.18,105.49)}
CA006111766 {(1885, 9.77, 92.17), (1886, 7.12, 113.08), (1887, 2.65, 115.53), (1888, -18.26, 103.49), (1889, -1.56,115.97)}
CA006111793 {(1881, 103.91,205.11)}
CA006112171 {(1882, 13.20, 94.48), (1883, -0.79, 85.69), (1884, 11.22, 101.11), (1885, -2.30, 86.48), (1886, 10.54, 103.06), (1887, 9.07, 106.05), (1888, -1.55, 93.45), (1889, 18.22,111.63)}
CA006113000 {(1880, 0.13, 110.23), (1881, 4.34, 115.72), (1882, 4.23, 107.68), (1883, -17.20, 93.23), (1884, -4.98, 106.88), (1885, -20.79, 91.11), (1886, -4.03, 102.78), (1887, -7.72, 114.45), (1888, -17.64, 98.08), (1889, 2.33,116.65)}
CA006113660 {(1880, -42.07, 86.33), (1881, -36.82, 115.25), (1882, -32.38, 122.36), (1883, -29.22, 97.05), (1884, -8.48, 108.82), (1885, -90.38,29.22)}
CA006116128 {(1880, 15.79, 117.68), (1881, 20.14, 128.03), (1882, 9.17, 110.48), (1883, -14.20, 92.15), (1884, -6.50, 101.21), (1885, -24.06, 84.68), (1886, 4.85, 102.30), (1887, -10.44, 113.37), (1888, 10.63, 109.83), (1889, 12.39,111.76)}
CA006116254 {(1880, -5.87, 105.12), (1881, -1.88, 111.78), (1882, -2.74, 104.01), (1883, -28.39, 88.10), (1884, -14.84, 101.39), (1885, -31.22, 86.71), (1886, -13.90, 99.73), (1887, -18.71, 101.59), (1888, -22.93, 89.86), (1889, 4.03,107.98)}
CA006118187 {(1888, 48.00, 149.48), (1889, -6.97,94.97)}
CA006119064 {(1886, -7.45, 124.65), (1887, -38.13, 99.30), (1888, -53.82, 93.92), (1889, -25.03,107.27)}
CA006120315 {(1882, 17.72, 113.65), (1883, 7.78, 110.29), (1884, 10.54, 115.30), (1885, -0.13, 105.12), (1886, 14.05, 121.12), (1887, 18.09, 124.91), (1888, 8.27, 112.69), (1889, 25.38,123.16)}
CA006122845 {(1880, 39.63, 119.19), (1881, 36.55, 119.78), (1882, 41.02, 119.37), (1883, 17.03, 102.45), (1884, 29.07, 112.61), (1885, 10.95, 97.90), (1886, 23.07, 108.66), (1887, 24.36,112.70)}
CA006124127 {(1880, 33.79, 127.91), (1881, -41.53, 125.38), (1882, No Record, 123.77), (1883, 36.30, 107.93), (1884, 23.37, 117.71), (1885, 9.31, 106.23), (1886, 28.01, 121.08), (1888, 1.43, 99.78), (1889, 29.50,121.20)}
CA006124700 {(1886, 53.55, 163.09), (1887, 12.85, 122.85), (1888, 3.63, 110.99), (1889, 22.25,124.04)}
CA006127887 {(1880, 18.51, 113.57), (1881, 14.79, 114.87), (1882, 16.35, 114.31), (1883, -5.59, 96.05), (1884, 3.38, 106.21), (1885, -10.03, 91.71), (1886, 9.50, 103.09), (1887, 5.07, 105.65), (1888, 0.69, 95.17), (1889, 21.46,113.59)}
CA006129850 {(1881, 73.15, 184.27), (1882, 23.89, 127.79), (1883, -3.09, 111.88), (1884, 12.14, 120.79), (1885, -0.53, 106.46), (1886, 14.01, 119.70), (1887, 15.54, 124.64), (1888, 7.64, 112.41), (1889, 26.34,127.62)}
CA006131388 {(1889, 43.74,166.11)}
CA006136335 {(1889, 33.01,88.40)}
CA006136643 {(1880, 40.46, 121.38), (1881, 38.64, 125.38), (1882, 39.36, 120.38), (1883, 19.12, 104.81), (1884, 30.71, 112.63), (1885, 16.52, 102.73), (1886, 29.24, 113.50), (1887, 29.76, 123.63), (1888, 20.93, 112.17), (1889, 39.16,130.55)}
CA006136694 {(1880, 34.07, 140.15), (1881, 32.95, 141.93), (1882, 33.58, 127.39), (1883, 9.93, 126.08), (1884, 19.98, 126.33), (1885, 6.26, 112.89), (1886, 21.58, 125.08), (1887, 23.69, 124.88), (1888, 16.40, 110.18), (1889, 33.08,125.50)}
CA006137147 {(1885, -12.21, 69.24), (1886, 16.28, 129.47), (1887, 17.75, 132.55), (1888, 6.55, 121.84), (1889, 24.05,138.01)}
CA006137735 {(1880, 25.69, 138.34), (1881, 23.91, 137.16), (1882, 24.88, 129.33), (1883, 8.97, 119.57), (1884, 14.04, 126.99), (1885, 4.78, 108.79), (1886, 18.36, 118.04), (1887, 19.30, 124.70), (1888, -123.81,-27.40)}
CA006139445 {(1880, -3.13, 74.79), (1881, 16.02, 125.17), (1882, -21.66, 72.97), (1883, 8.12, 115.17), (1884, 14.60, 118.70), (1885, 0.03, 103.53), (1886, 18.48,119.60)}
CA006139520 {(1880, 39.33, 149.64), (1881, 36.17, 149.65), (1882, 37.26, 144.01), (1883, 19.51, 133.56), (1884, 25.92, 143.09), (1885, 13.22, 128.65), (1886, 25.16, 144.89), (1887, 24.42,146.25)}
CA006140941 {(1881, 74.35, 202.05), (1882, 21.99, 131.89), (1883, -42.12, 69.74), (1884, 8.79, 127.66), (1885, -4.59, 111.22), (1886, 27.87, 127.10), (1887, 17.03, 135.68), (1888, 6.59, 122.58), (1889, -34.21,74.63)}
CA006141095 {(1880, -1.61, 124.02), (1881, 18.73, 129.10), (1882, 17.38, 119.92), (1883, -5.84, 103.13), (1884, 1.13, 118.91), (1885, 13.86, 131.32), (1886, 6.35, 120.35), (1887, 6.58, 126.92), (1888, 0.78, 113.72), (1889, 16.91,120.77)}
CA006141843 {(1880, -63.22, 29.12), (1881, 9.62, 126.60), (1882, 7.54, 112.09), (1883, -13.35, 96.57), (1884, -70.69, 31.92), (1885, -17.29, 100.04), (1886, 2.81, 110.68), (1887, 2.85, 112.75), (1888, -3.04, 102.84), (1889, 13.24,117.88)}
CA006142252 {(1889, 24.80,117.99)}
CA006142284 {(1882, 7.83, 108.92), (1883, -9.27, 96.95), (1885, -4.31, 96.36), (1886, 5.99, 104.04), (1887, 5.70, 109.35), (1888, 2.29, 99.90), (1889, 22.24,115.59)}
CA006142993 {(1880, 25.81, 128.35), (1881, 23.57, 132.28), (1882, 20.40, 125.37), (1883, 0.07, 110.15), (1884, 11.93, 120.99), (1885, -1.03, 105.45), (1886, 13.12,121.44)}
CA006143083 {(1881, 87.00, 183.20), (1882, 28.48, 119.77), (1883, 4.90, 107.32), (1884, 5.29, 120.52), (1885, -13.57, 99.21), (1886, 4.62, 118.62), (1887, 6.02, 121.96), (1888, 0.48, 110.90), (1889, 9.39,126.08)}
CA006143780 {(1880, -35.16, 59.22), (1881, 27.40, 128.03), (1887, -51.78, 35.28), (1888, 7.52,121.52)}
CA006144470 {(1880, 24.26, 116.28), (1881, 26.06, 134.52), (1882, 19.74, 124.78), (1883, 0.66, 112.88), (1884, -0.08, 117.43), (1885, -6.31, 105.81), (1886, -6.61, 102.14), (1887, 1.16, 108.96), (1888, -9.54, 99.63), (1889, -7.32,94.55)}
CA006144505 {(1883, 27.33, 139.52), (1884, 13.17, 119.95), (1885, 1.50, 103.80), (1886, 14.58, 116.38), (1887, 17.87, 120.44), (1888, 10.57, 110.14), (1889, 27.55,126.54)}
CA006147340 {(1888, -57.06, 10.32), (1889, 21.02,126.00)}
CA006148100 {(1880, 15.83, 119.49), (1881, 13.81, 129.16), (1882, 5.05, 108.42), (1883, -5.74, 104.17), (1884, 4.00, 114.60), (1885, -7.59, 98.19), (1886, 8.07, 111.49), (1887, 3.45, 115.42), (1888, -1.59,105.58)}
CA006148120 {(1881, -29.63, 44.33), (1882, 13.10, 118.98), (1883, -5.39, 110.51), (1884, -1.61, 112.75), (1885, -128.92,-10.52)}
CA006149625 {(1880, 14.11, 130.18), (1881, 11.25, 133.74), (1882, 10.23, 126.49), (1883, -10.64, 109.28), (1884, 2.90, 118.38), (1885, -7.96, 104.52), (1886, 4.53, 117.17), (1887, 5.47, 124.51), (1888, -1.68, 114.36), (1889, 16.63,126.34)}
CA006150243 {(1887, -6.32, 106.89), (1888, -18.06, 92.33), (1889, 1.18,106.47)}
CA006150913 {(1880, 27.16, 120.84), (1881, 22.72, 124.65), (1882, 12.51, 109.32), (1883, -1.67, 101.33), (1884, 6.42, 111.95), (1885, -12.14, 91.79), (1886, 4.22, 109.43), (1887, 6.34, 118.50), (1888, 4.57,110.04)}
CA006152007 {(1882, 61.33, 169.89), (1883, -1.40, 110.36), (1884, 10.49, 119.44), (1885, -1.41, 105.52), (1886, 8.24, 118.21), (1887, 12.05, 122.31), (1888, 0.16, 115.01), (1889, 20.15,128.20)}
CA006153192 {(1880, 32.55, 140.34), (1881, 17.85, 148.86), (1882, 13.65, 140.24), (1883, 0.08, 125.90), (1884, 10.38, 137.36), (1885, -5.84, 121.12), (1886, 6.34, 132.71), (1887, -6.44, 136.56), (1888, -58.51,55.79)}
CA006155876 {(1882, 18.94, 106.60), (1883, 4.18, 99.63), (1884, 8.13, 118.11), (1885, -1.34, 107.41), (1886, 10.27, 113.17), (1887, 9.30, 117.49), (1888, -30.01, 70.04), (1889, 20.58,121.57)}
CA006158065 {(1889, 36.27,127.54)}
CA006158350 {(1880, 30.92, 118.86), (1881, 32.93, 124.21), (1882, 31.08, 117.89), (1883, 6.40, 100.96), (1884, 16.52, 111.07), (1885, 4.29, 98.62), (1886, 18.03, 110.03), (1887, 19.36, 114.61), (1888, 13.61, 105.75), (1889, 32.70,118.75)}
CA006160465 {(1882, -54.56, 46.70), (1883, -43.55, 82.55), (1884, -35.95, 100.43), (1885, -42.51, 96.90), (1886, -155.42, -13.91), (1889, -58.22,35.26)}
CA006163156 {(1888, 26.44, 145.69), (1889, -4.00,108.52)}
CA006164297 {(1880, 32.27, No Record), (1881, 13.90, No Record), (1882, 10.00, No Record), (1883, -17.37, 155.65), (1884, -6.31, 153.28), (1885, -26.07, 100.61), (1886, -22.51, 129.49), (1887, -21.57, 84.54), (1888, -17.84, 94.24), (1889, 14.42,114.33)}
CA006164430 {(1880, 11.30, 125.76), (1881, 3.83, 123.81), (1882, -0.63, 113.95), (1883, -20.78, 97.59), (1884, -9.92, 113.20), (1885, -21.58, 98.70), (1886, -9.22, 113.05), (1887, -10.22, 116.15), (1888, -15.82, 105.45), (1889, 7.20,113.90)}
CA006165195 {(1886, -114.98, -3.79), (1887, -38.94, 115.82), (1888, -41.38, 100.53), (1889, -15.85,117.48)}
CA006165716 {(1880, 9.11, 116.03), (1882, 13.70, 168.16), (1884, 9.83, 144.05), (1885, -12.25, 133.96), (1886, -13.60, 137.23), (1887, -34.63, 112.22), (1888, -35.72, 79.92), (1889, 8.57,103.82)}
CA006166416 {(1880, 6.47, 126.91), (1881, 10.32, 131.78), (1882, 6.11, 122.77), (1883, -7.73, 107.92), (1884, 11.14, 123.12), (1885, -7.94, 110.51), (1886, -3.60, 118.82), (1887, -15.69,128.70)}
CA007016280 {(1880, -14.01, 90.33), (1881, -5.64, 91.45), (1882, -17.17, 81.95), (1883, -27.97, 74.46), (1884, -16.07, 77.84), (1885, -24.62, 72.49), (1886, -18.37, 80.73), (1887, -16.79, 75.70), (1888, -19.24, 66.54), (1889, 1.74,85.74)}
CA007021952 {(1880, -22.71, 88.28), (1881, -17.46, 89.10), (1882, -31.09, 74.56), (1883, -45.68, 68.86), (1884, -29.80, 78.33), (1885, -36.87, 80.36), (1886, -30.28, 82.71), (1887, -37.67, 77.39), (1888, -37.17, 65.98), (1889, -17.04,90.84)}
CA007021954 {(1880, 43.38, 146.00), (1881, -1.77, 109.73), (1882, -11.91, 101.48), (1883, -24.08, 97.22), (1884, 2.61, 106.17), (1885, -20.33, 98.81), (1886, -13.46, 111.31), (1887, -11.74,112.24)}
CA007023240 {(1880, 5.55, 105.40), (1881, 6.94, 99.95), (1882, 6.68, 99.23), (1883, -11.36, 90.93), (1884, 0.33, 101.80), (1885, -10.37, 85.99), (1886, -2.21, 97.39), (1887, -7.00, 96.90), (1888, -6.56, 87.06), (1889, 12.02,103.51)}
CA007024280 {(1888, -89.90, -3.61), (1889, -10.55,99.92)}
CA007025280 {(1880, 10.73, 110.99), (1881, 20.59, 111.58), (1882, 12.95, 98.18), (1883, -1.97, 89.47), (1884, 9.33, 98.07), (1885, -0.54, 86.05), (1886, 8.36, 97.24), (1887, 5.89, 95.65), (1888, 3.22, 85.94), (1889, 21.70,102.76)}
CA007026465 {(1880, -5.80, 128.25), (1881, 37.53, 151.53), (1882, -16.89, 97.89), (1883, -33.90, 92.37), (1884, -19.50, 100.99), (1885, -36.17, 94.18), (1886, -27.25, 104.52), (1887, -29.98, 99.72), (1888, -30.45, 89.20), (1889, -4.38,112.57)}
CA007050200 {(1880, 20.01, 96.90), (1881, -13.39, 49.33), (1882, -16.63, 44.40), (1883, -23.93, 34.88), (1884, -27.45, 30.52), (1885, -16.07, 37.98), (1886, -5.72, 49.61), (1887, -14.31, 40.02), (1888, -7.08, 47.60), (1889, -0.48,53.55)}
CA007050790 {(1881, -8.50, 50.14), (1882, -7.17, 62.22), (1883, -8.83, 65.28), (1884, -11.90, 58.35), (1885, -4.12, 66.15), (1886, 5.10, 73.68), (1887, -4.25, 65.61), (1888, -3.18, 65.16), (1889, 7.27,76.80)}
CA007056067 {(1880, -29.20, 62.39), (1881, -22.34, 67.30), (1882, -31.77, 57.79), (1883, -43.93, 55.66), (1884, -43.81, 51.17), (1885, -29.18, 52.10), (1886, -29.78, 57.84), (1887, -36.99, 50.10), (1888, -36.22, 48.96), (1889, -19.41,66.44)}
CA007061440 {(1880, -151.45, 11.42), (1881, -78.12, 30.65), (1882, -40.89, 87.54), (1883, -41.26, 90.10), (1884, -42.51, 60.34), (1885, -48.11, 65.67), (1886, -41.22, 70.08), (1887, -39.88, 72.59), (1888, -40.42, 71.99), (1889, -27.58,86.81)}
CA007066688 {(1888, 5.78, 102.01), (1889, -21.88,73.85)}
CA007095000 {(1885, -95.60,27.07)}
CA008100500 {(1880, -17.00, 87.62), (1881, -56.85, 44.02), (1882, -21.21, 98.73), (1883, -48.42, 75.35), (1884, -27.67, 93.62), (1885, -22.20, 100.80), (1886, -23.39, 104.15), (1887, -35.77, 95.37), (1888, -24.80, 101.85), (1889, -2.25,127.47)}
CA008100990 {(1880, -20.52, 101.31), (1881, -11.06, 100.59), (1882, -20.31, 94.05), (1883, -30.75, 91.65), (1884, -22.87, 88.77), (1885, -22.21, 96.62), (1886, -11.63, 99.93), (1887, -22.11, 98.12), (1888, -19.33, 90.19), (1889, 6.93,115.28)}
CA008101170 {(1880, -11.28, 89.25), (1881, -18.22, 73.91), (1882, -28.77, 75.79), (1883, -43.88, 63.65), (1884, -37.60, 64.73), (1885, -31.23, 54.29), (1886, -24.40, 82.37), (1887, -27.81, 77.06), (1888, -24.88, 72.87), (1889, -12.80,91.77)}
CA008101230 {(1880, -123.74, -24.35), (1888, -14.83, 85.39), (1889, 9.87,97.22)}
CA008101700 {(1880, -17.19, 110.69), (1881, -5.16, 108.97), (1882, -17.36, 103.88), (1883, -30.17, 99.87), (1884, -17.85, 101.57), (1885, -21.55, 104.69), (1886, -10.27, 104.33), (1887, -15.58, 98.78), (1888, -14.06, 93.02), (1889, 5.10,116.07)}
CA008101920 {(1883, 42.34, 132.70), (1884, 13.78, 99.34), (1885, 9.77, 97.06), (1886, 17.11, 105.36), (1887, 8.65, 102.36), (1888, 4.77, 92.43), (1889, 24.75,111.55)}
CA008103100 {(1881, 50.29, 112.37), (1882, -90.08,-22.36)}
CA008103825 {(1886, 32.09, 151.12), (1887, -11.94, 100.27), (1888, -25.11, 56.10), (1889, -8.59,101.52)}
CA008104500 {(1883, -47.57,73.11)}
CA008104600 {(1880, 24.81, 104.05), (1881, 17.89, 102.14), (1882, 6.01, 98.36), (1883, -2.99, 94.48), (1884, 3.98, 97.94), (1885, -0.04, 97.22), (1886, 4.67, 105.61), (1887, 0.94, 100.21), (1888, -0.11, 92.62), (1889, 18.56,113.88)}
CA008104800 {(1880, 10.54, 88.33), (1881, 14.84, 87.24), (1882, 5.36, 81.26), (1883, -1.90, 86.86), (1884, 0.23, 89.59), (1885, -2.39, 91.64), (1886, 3.65, 98.04), (1887, -0.38, 92.01), (1888, -0.06, 84.23), (1889, 20.74,102.84)}
CA008105600 {(1886, -101.64, -0.47), (1887, -26.97, 94.82), (1888, -14.17, 87.21), (1889, 2.94,112.90)}
CA008200150 {(1880, -57.94, No Record), (1881, -39.27, 17.79), (1882, -14.83, 114.32), (1883, -25.85, 119.88), (1885, 24.32, 139.65), (1886, -45.55, 80.61), (1887, 69.52, 197.17), (1888, -82.94,6.97)}
CA008200300 {(1880, -15.71, 96.01), (1881, -3.70, 103.06), (1882, 22.97, 103.62), (1883, -26.40, 83.83), (1884, -2.55, 106.42), (1885, -111.72,3.01)}
CA008202198 {(1880, 14.65, 111.00), (1881, 20.21, 106.94), (1882, 14.69, 103.54), (1883, 7.86, 103.70), (1884, 15.71, 105.36), (1885, 16.13, 112.56), (1886, 22.92, 116.49), (1887, 14.95, 112.91), (1888, 11.81, 101.51), (1889, 35.37,125.55)}
CA008204420 {(1881, 6.43, 92.62), (1882, 5.45, 91.55), (1883, 8.78, 101.23), (1884, 8.48, 100.63), (1885, 15.79, 112.07), (1886, 27.42, 129.29), (1887, 12.87, 107.60), (1888, 9.63, 97.67), (1889, 31.07,121.67)}
CA008204480 {(1885, 4.58, 141.57), (1886, 0.88, 91.78), (1887, -45.72, 11.25), (1888, -33.32,25.23)}
CA008205698 {(1880, -2.46, 99.13), (1881, 7.67, 96.84), (1882, 3.43, 93.45), (1883, -3.30, 96.91), (1884, 1.58, 96.35), (1885, 3.32, 102.24), (1886, 17.35, 110.81), (1887, 8.23, 103.05), (1888, 6.73, 97.48), (1889, 24.82,122.62)}
CA008205988 {(1880, -6.40, 113.04), (1881, -0.86, 107.99), (1882, -5.46, 103.92), (1883, -20.64, 94.43), (1884, -3.28, 104.47), (1885, -3.95, 112.57), (1886, 7.20, 117.36), (1887, -3.33, 110.32), (1888, -2.07, 100.86), (1889, 17.82,125.13)}
CA008206410 {(1880, -37.54, 67.92), (1881, 21.28, 103.45), (1882, 10.14, 101.63), (1883, -135.11,69.56)}
CA008206490 {(1880, 21.87, 111.59), (1881, 27.80, 104.75), (1882, 22.57, 91.75), (1883, 16.51, 93.40), (1884, 26.11, 98.34), (1885, 25.52, 107.09), (1886, 18.29, 111.36), (1887, 19.09, 106.48), (1888, 22.66, 91.90), (1889, 42.12,117.20)}
CA008300298 {(1880, 3.27, 91.65), (1881, 6.15, 89.75), (1882, -1.12, 85.38), (1883, -4.34, 87.37), (1884, -5.61, 84.62), (1885, -0.08, 92.33), (1886, -33.30, 61.92), (1888, 54.54, 125.35), (1889, 30.15,107.17)}
CA008300430 {(1889, 35.30,122.69)}
CA008300441 {(1880, -9.58, 91.17), (1881, -2.78, 86.62), (1882, -10.75, 82.81), (1883, -17.51, 88.25), (1884, -14.07, 80.57), (1885, -9.82, 91.73), (1886, -4.08, 96.80), (1887, -11.88, 88.85), (1888, -11.24, 82.37), (1889, 8.60,110.42)}
CA008401125 {(1880, -107.24, -0.80), (1881, -7.68, No Record), (1882, -19.42, No Record), (1883, -33.29, No Record), (1884, -138.80,No Record)}
CA008401600 {(1880, 30.03,63.47)}
CA008403500 {(1880, 0.05, 83.50), (1881, 0.84, 83.75), (1882, -6.12, 88.59), (1883, -7.20, 106.24), (1884, -11.08, 80.75), (1885, 7.29, 88.99), (1886, 9.12, 96.60), (1887, 1.07, 89.91), (1888, 3.30, 80.01), (1889, 22.94,111.83)}
CA008403635 {(1889, 55.35,126.09)}
CA008500500 {(1884, -9.97, 34.31), (1885, -23.16, 16.71), (1886, -26.05, 17.59), (1887, -38.31, 5.96), (1888, -37.79, 20.41), (1889, -24.22,26.44)}
CE000043497 {(1880, 237.01, 306.54), (1881, 239.48, 302.85), (1882, 236.93, 301.34), (1883, 233.99, 300.22), (1884, 233.15, 292.77), (1885, 234.49, 290.81), (1886, 233.32, 288.60), (1887, 230.07, 295.45), (1888, 233.31, 304.05), (1889, 235.78,306.69)}
CE000434730 {(1880, 97.70, 187.34), (1881, 99.94, 201.65), (1882, 101.16, 190.82), (1883, 99.73, 193.04), (1884, 94.51, 194.49), (1885, 98.84, 198.40), (1886, 101.29, 196.95), (1887, 95.96, 193.94), (1888, 98.74, 205.30), (1889, 103.20,209.75)}
CYE00100074 {(1881, 138.74, 275.96), (1882, 84.62, 220.87), (1883, 67.87, 262.36), (1884, 97.44, 266.19), (1885, 119.03, 274.88), (1886, 108.99, 274.69), (1887, 118.90, 262.62), (1888, 124.93, 257.58), (1889, 135.25,263.04)}
DA000021100 {(1880, 49.89, 106.39), (1881, 33.32, 84.86), (1882, 57.33, 106.42), (1883, 49.78, 100.42), (1884, 57.87, 107.77), (1885, 45.10, 93.99), (1886, 42.88, 97.41), (1887, 44.98, 97.13), (1888, 38.98, 87.05), (1889, 55.27,104.16)}
DA000025140 {(1880, 55.58, 113.04), (1881, 36.90, 91.92), (1882, 59.21, 109.73), (1883, 52.05, 105.84), (1884, 56.49, 113.79), (1885, 46.07, 100.41), (1886, 46.03, 100.42), (1887, 42.60, 99.67), (1888, 41.00, 91.39), (1889, 52.48,107.85)}
DA000027080 {(1880, 43.31, 109.77), (1881, 29.76, 91.96), (1882, 58.62, 112.68), (1883, 50.81, 104.59), (1884, 56.46, 109.13), (1885, 43.88, 102.00), (1886, 42.95, 103.91), (1887, 40.86, 102.65), (1888, 34.89, 90.30), (1889, 49.10,106.69)}
DA000030380 {(1880, 34.22, 113.31), (1881, 24.85, 99.56), (1882, 47.62, 124.12), (1883, 40.28, 113.60), (1884, 45.35, 121.16), (1885, 30.15, 112.41), (1886, 32.40, 114.79), (1887, 32.27, 110.02), (1888, 29.05, 98.21), (1889, 39.73,112.02)}
DA000032030 {(1880, 53.34, 102.08), (1881, 41.05, 87.40), (1882, 61.73, 107.42), (1883, 50.78, 96.61), (1884, 57.43, 105.66), (1885, 53.15, 100.08), (1886, 52.54, 104.01), (1887, 51.50, 99.65), (1888, 41.52, 83.62), (1889, 50.06,96.38)}
EGE00147726 {(1884, 105.76, 247.50), (1885, 129.30, 252.02), (1886, 117.08,246.60)}
EGE00147732 {(1884, 131.21, 267.07), (1885, 155.82, 272.24), (1886, 155.03, 269.70), (1887, 160.44, 278.44), (1888, 159.10, 274.67), (1889, 157.96,277.35)}
EI000003969 {(1881, 44.26, 123.84), (1882, 50.96, 129.35), (1883, 45.22, 126.18), (1884, 53.73, 130.73), (1885, 43.62, 121.36), (1886, 47.87, 121.15), (1887, 44.07, 127.53), (1888, 46.82, 120.55), (1889, 51.45,127.73)}
EIE00101859 {(1880, 65.03, 139.20), (1881, 61.12, 127.79), (1882, 49.24, 98.98), (1883, 65.12, 129.71), (1884, 72.27, 134.51), (1885, 63.86, 130.32), (1886, 66.25, 128.56), (1887, 65.74, 137.97), (1888, 67.78, 133.23), (1889, 72.72,137.35)}
EZE00100082 {(1880, 58.72, 130.63), (1881, 47.78, 116.32), (1882, 61.27, 129.18), (1883, 55.19, 122.54), (1884, 60.14, 130.07), (1885, 56.97, 128.11), (1886, 58.89, 128.96), (1887, 48.94, 116.68), (1888, 49.27, 116.45), (1889, 56.16,120.59)}
FRE00104937 {(1880, No Record, 9990.00), (1881, No Record, 9990.00), (1882, No Record, 9990.00), (1883, No Record, 9990.00), (1884, No Record, 9990.00), (1885, No Record, 9990.00), (1886, No Record, 9990.00), (1887, No Record, 9990.00), (1888, No Record, 9990.00), (1889, No Record,9990.00)}
GG000037545 {(1881, 73.63, No Record), (1882, 79.66, No Record), (1883, 75.44, No Record), (1884, 71.20, No Record), (1885, 74.16, No Record), (1886, 72.38, No Record), (1887, 77.96, No Record), (1888, 77.92, 215.14), (1889, 92.72,200.04)}
GLE00100981 {(1880, -36.09, No Record), (1881, -74.67, No Record), (1882, -104.92, No Record), (1883, -85.47, No Record), (1884, -126.19, No Record), (1885, -83.56, No Record), (1886, -104.61, No Record), (1887, -111.72, No Record), (1888, -93.75, No Record), (1889, -89.23,No Record)}
GM000002698 {(1880, 57.16, 142.31), (1881, 53.41, 137.70), (1882, 58.09, 137.28), (1883, 58.70, 136.62), (1884, 62.90, 146.99), (1885, 51.30, 138.44), (1886, 56.03, 144.46), (1887, 38.69, 128.97), (1888, 46.08, 126.95), (1889, 54.81,128.92)}
GM000003319 {(1880, 61.98, 140.35), (1881, 48.38, 125.21), (1882, 59.33, 137.98), (1883, 41.33, 129.48), (1884, 46.69, 137.30), (1885, 41.46, 126.41), (1886, 39.00, 131.14), (1887, 49.66, 121.66), (1888, 45.48, 115.98), (1889, 55.94,124.82)}
GM000004063 {(1880, 42.66, 127.47), (1881, 37.88, 118.68), (1882, 44.11, 131.51), (1883, 43.95, 130.59), (1884, 46.42, 136.43), (1885, 40.59, 135.48), (1886, 46.72, 139.73), (1887, 29.60, 123.26), (1888, 34.46, 122.55), (1889, 39.17,125.58)}
GM000004199 {(1880, 40.26, 124.03), (1881, 34.28, 119.82), (1882, 38.50, 126.54), (1883, 36.52, 119.57), (1884, 42.55, 128.96), (1885, 36.32, 125.81), (1886, 41.22, 126.61), (1887, 28.06, 112.17), (1888, 33.06, 113.29), (1889, 35.79,112.80)}
GM000004204 {(1880, 33.64, 149.82), (1881, 24.58, 130.90), (1882, 43.25, 141.05), (1883, 36.85, 134.29), (1884, 41.45, 140.35), (1885, 31.42, 132.50), (1886, 33.68, 138.39), (1887, 25.57, 123.42), (1888, 29.45, 127.35), (1889, 34.49,129.04)}
GM000010962 {(1880, 31.34, 99.87), (1881, 22.50, 95.08), (1882, 28.91, 102.41), (1883, 18.02, 94.72), (1884, 28.38, 103.29), (1885, 25.06, 103.96), (1886, 29.20, 100.54), (1887, 18.52, 87.05), (1888, 23.86, 90.70), (1889, 21.72,89.33)}
GME00121258 {(1888, -10.23, 49.07), (1889, 42.27,125.76)}
GMW00035032 {(1880, 60.60, 142.06), (1881, 52.72, 132.96), (1882, 60.80, 136.48), (1883, 58.40, 136.81), (1884, 64.77, 144.84), (1885, 53.81, 133.75), (1886, 60.56, 140.97), (1887, 48.10, 125.40), (1888, 50.18, 124.22), (1889, 57.13,130.28)}
HR000142360 {(1881, 62.34, 139.58), (1882, 74.47, 159.61), (1883, 64.29, 143.78), (1884, 68.78, 149.40), (1885, 75.22, 156.76), (1886, 71.20, 149.22), (1887, 65.84, 146.31), (1888, 58.73, 139.34), (1889, 67.41,138.34)}
HRE00105182 {(1880, 41.31,139.62)}
HRE00105189 {(1880, 131.36, 192.93), (1881, 127.57, 188.80), (1882, 134.27, 200.07), (1883, 128.38, 193.79), (1884, 126.95, 194.35), (1885, 136.08, 200.44), (1886, 135.99, 200.75), (1887, 130.71, 199.05), (1888, 126.95, No Record), (1889, 108.75,No Record)}
ITE00100550 {(1880, 97.46, 177.78), (1881, 110.18, 160.73), (1882, 102.42, 176.48), (1883, 100.74, 163.33), (1884, 102.62, 166.48), (1885, 102.30, 167.05), (1886, 95.10, 173.82), (1887, 97.10, 167.04), (1888, 92.34, 170.06), (1889, 96.70,167.59)}
ITE00100554 {(1880, 91.98, 175.08), (1881, 89.88, 172.10), (1882, 93.93, 177.00), (1883, 86.68, 166.51), (1884, 88.87, 173.54), (1885, 92.71, 170.71), (1886, 93.41, 173.64), (1887, 82.11, 165.12), (1888, 83.20, 166.25), (1889, 85.69,168.30)}
KZ000035188 {(1884, -8.49, No Record), (1885, -45.02,No Record)}
KZ000035700 {(1881, 24.43, No Record), (1882, -116.39, No Record), (1885, -0.81, 43.08), (1886, No Record, 118.65), (1887, No Record,244.11)}
KZ000038198 {(1882, 99.70, No Record), (1883, 69.48,No Record)}
RSM00022550 {(1881, -17.97, 42.73), (1882, -10.11, 41.91), (1883, -7.62, 45.12), (1884, -31.77, 23.11), (1885, -32.81, 30.39), (1886, -11.72, 39.84), (1887, -17.07, 40.81), (1888, -40.11, 17.96), (1889, -8.02,44.47)}
RSM00022845 {(1886, 0.63, No Record), (1887, -67.64,No Record)}
RSM00023711 {(1888, -66.15, No Record), (1889, -36.20,No Record)}
RSM00023804 {(1888, -4.82, No Record), (1889, -29.40,No Record)}
RSM00024944 {(1882, -168.71,No Record)}
RSM00024959 {(1888, 9.46, 127.98), (1889, -110.35,No Record)}
RSM00026063 {(1881, -8.35, 67.19), (1882, 13.01, No Record), (1883, 4.64, 69.98), (1884, -2.01, 70.82), (1885, 3.48, 78.12), (1886, 11.36, 81.70), (1887, 15.74, 80.81), (1888, -16.69, 56.88), (1889, 8.15,78.77)}
RSM00026477 {(1881, -25.82, 53.68), (1882, 22.01, 94.00), (1883, 17.18, 97.32), (1884, 15.42, 107.81), (1885, 20.39, 107.61), (1886, 6.47, 97.80), (1887, 21.94, 109.66), (1888, -22.28, 73.25), (1889, 3.86,106.23)}
RSM00027051 {(1883, -40.51, No Record), (1884, -52.84,No Record)}
RSM00027857 {(1881, -29.47, No Record), (1882, -7.54, No Record), (1883, -11.35, No Record), (1884, -21.37, No Record), (1887, -7.69,No Record)}
RSM00028275 {(1887, -149.84, No Record), (1888, -51.74, No Record), (1889, -49.99,No Record)}
RSM00028440 {(1881, -25.57, No Record), (1882, -43.97, No Record), (1885, -139.87, -62.08), (1886, -33.67, 52.32), (1888, -43.19, 89.73), (1889, -108.24,58.42)}
RSM00029263 {(1884, -60.83, No Record), (1885, -75.19, No Record), (1886, -66.70, No Record), (1887, -73.16, 163.77), (1888, -77.44, No Record), (1889, -78.34,No Record)}
RSM00029348 {(1887, 94.00,247.00)}
RSM00030710 {(1887, -78.51, 65.66), (1888, -86.74, 55.72), (1889, -91.28,47.19)}
RSM00031369 {(1881, -260.82, No Record), (1883, -14.77, No Record), (1884, -83.47, No Record), (1885, -79.16, No Record), (1886, -61.01, No Record), (1887, -64.48, No Record), (1888, -60.91, No Record), (1889, -59.17,No Record)}
RSM00032061 {(1881, -45.54, No Record), (1882, -40.58, No Record), (1883, -54.70, No Record), (1884, -68.38, No Record), (1885, -64.02, No Record), (1886, -44.84, No Record), (1887, -53.52, No Record), (1888, -48.35, No Record), (1889, -66.37,No Record)}
RSM00032071 {(1886, -64.21, No Record), (1887, -69.24, No Record), (1888, -63.99, No Record), (1889, -81.04,No Record)}
RSM00034110 {(1889, 0.18,83.18)}
RSM00034163 {(1884, -20.77,No Record)}
RSM00034880 {(1881, 48.72, 138.42), (1882, 58.90, 149.00), (1883, 50.87, 149.44), (1884, 49.15, 143.54), (1885, 46.38, 150.34), (1886, 8.46, 111.62), (1889, -113.19,-62.52)}
RSM00037472 {(1882, 83.23, No Record), (1883, 83.60, No Record), (1884, 79.05, No Record), (1885, 53.98, No Record), (1886, 84.03, No Record), (1887, 92.51, No Record), (1888, 85.40, No Record), (1889, 82.82,No Record)}
SZ000002220 {(1882, -49.34, -3.31), (1883, -49.43, 21.22), (1884, -45.11, 12.09), (1885, -37.75, 16.37), (1886, -42.49, 17.48), (1887, -49.71,11.77)}
SZ000006717 {(1880, -23.90, 24.69), (1881, -31.06, 18.50), (1882, -30.34, 19.87), (1883, -42.96, 7.79), (1884, -41.25, 12.88), (1885, -43.81, 14.97), (1886, -49.95, 20.10), (1887, -58.02, 15.71), (1888, -52.24, 17.23), (1889, -54.16,10.59)}
TS000060765 {(1887, 122.48, 258.53), (1888, 99.45, 229.35), (1889, 137.02,256.40)}
TSE00147769 {(1886, 140.38, 233.26), (1887, 116.96, 231.71), (1888, 117.40, 231.70), (1889, 116.23,229.27)}
TSE00147775 {(1886, 168.51, 254.18), (1887, 155.99, 229.40), (1888, 157.73, 219.52), (1889, 145.60,236.16)}
TX000038763 {(1883, 211.25, No Record), (1885, 56.59, 199.00), (1889, 61.99,No Record)}
TX000038895 {(1889, 48.89,No Record)}
UK000000000 {(1880, No Record, 64.00), (1881, 48.89, 122.83), (1882, 57.92, 131.56), (1883, 52.21, 128.32), (1884, 59.46, 137.51), (1885, 47.46, 124.46), (1886, 51.74, 122.88), (1887, 42.40, 123.75), (1888, 47.77, 117.18), (1889, 54.33,126.22)}
UK000003026 {(1880, 54.52, 110.77), (1881, 40.91, 98.95), (1882, 51.19, 107.44), (1883, 49.35, 105.91), (1884, 50.99, 109.41), (1885, 41.23, 99.90), (1886, 39.30, 102.20), (1887, 45.65, 105.77), (1888, 43.05, 101.33), (1889, 50.75,109.17)}
UK000047811 {(1880, 53.36, 123.80), (1881, 46.01, 115.15), (1882, 53.43, 123.57), (1883, 46.67, 121.46), (1884, 49.63, 129.36), (1885, 44.06, 120.26), (1886, 46.03, 116.78), (1887, 46.45, 123.68), (1888, 46.28, 119.23), (1889, 54.19,125.33)}
UK000056225 {(1880, 59.97, 134.11), (1881, 55.23, 132.85), (1882, 64.47, 138.30), (1883, 62.02, 136.50), (1884, 64.83, 144.29), (1885, 54.17, 129.57), (1886, 55.80, 129.59), (1887, 46.01, 129.07), (1888, 52.00, 122.87), (1889, 54.94,128.45)}
UPM00033345 {(1881, 14.75, 83.99), (1882, 36.07, 115.91), (1883, 20.20, 93.16), (1884, 39.88, 107.02), (1885, 34.57, 116.33), (1886, 25.88, 110.15), (1887, 33.42, 114.24), (1888, 15.07, 104.37), (1889, 32.04,112.49)}
UPM00033587 {(1885, 12.89, No Record), (1887, 25.37, 127.73), (1888, 20.07, 127.18), (1889, 16.19,103.96)}
UPM00033889 {(1887, 58.78, 186.92), (1888, 46.72, 192.60), (1889, 40.19,143.71)}
UPM00033910 {(1885, 53.48, No Record), (1886, 56.92, No Record), (1887, 62.27, No Record), (1889, 52.55,No Record)}
UPM00033946 {(1886, 87.04, No Record), (1887, 58.67, No Record), (1888, 51.89, No Record), (1889, 57.97,No Record)}
UPM00033976 {(1882, 101.21, 150.60), (1883, 48.14, 90.39), (1885, 101.18,148.56)}
USC00011685 {(1889, 180.14,310.88)}
USC00012386 {(1889, 95.36,No Record)}
USC00015555 {(1880, 144.36, 242.69), (1881, 142.64, 246.28), (1882, 141.63, 243.41), (1883, 143.51, 250.79), (1884, 133.61, 242.11), (1885, 121.38, 228.12), (1886, 127.42, 231.15), (1887, 135.56, 242.70), (1888, 134.47, 239.45), (1889, 128.83,242.05)}
USC00023096 {(1883, 161.49, 306.65), (1889, 118.90,212.74)}
USC00030936 {(1883, 191.15, 298.19), (1884, 137.75, 296.73), (1885, 187.57, 307.05), (1886, 176.38, 298.97), (1887, 215.51, 326.09), (1888, 193.86, 302.69), (1889, 174.55,279.08)}
USC00033466 {(1887, -13.77, 141.79), (1888, 95.38, No Record), (1889, 99.80,246.21)}
USC00034251 {(1880, 124.71, 217.85), (1881, 129.92, 224.01), (1882, 129.88, 219.36), (1883, 121.39, 222.89), (1884, 116.28, 218.35), (1885, 114.95, 219.41), (1886, 104.47, 204.95), (1887, 113.05, 225.17), (1888, 110.41, 212.58), (1889, 117.20,218.96)}
USC00034562 {(1883, 162.86, 302.73), (1884, 163.15, 304.04), (1885, 154.02, 311.54), (1886, 177.36, 321.07), (1887, 154.10, 320.97), (1888, 199.93, 310.11), (1889, 158.89,286.48)}
USC00034988 {(1883, 145.61, 247.77), (1884, 91.96, 208.99), (1885, 87.45, 206.48), (1886, -33.85,64.83)}
USC00035186 {(1884, 121.38, 291.18), (1885, 167.50, 297.68), (1886, 180.42, 301.62), (1887, 163.38, 300.30), (1888, 164.18, 300.52), (1889, 131.09,260.11)}
USC00035754 {(1884, 203.66, 299.26), (1885, 206.45, 315.72), (1886, 182.11, 309.21), (1887, 181.54, 311.07), (1888, 185.87, 308.92), (1889, 156.71,270.13)}
USC00043157 {(1880, No Record, 150.99), (1881, No Record, 179.93), (1882, 23.24, 184.34), (1883, -10.26, 170.49), (1884, 15.84, 151.80), (1885, 41.77, 180.93), (1886, 28.98, 159.52), (1887, 20.43, 164.04), (1888, 27.81, 172.77), (1889, 28.41,175.00)}
USC00046115 {(1888, 175.22, 320.64), (1889, 145.00,274.79)}
USC00047738 {(1880, 109.67, 188.77), (1881, 117.14, 200.00), (1882, 115.23, 197.01), (1883, 124.55, 205.00), (1884, 120.98, 200.83), (1885, 129.38, 210.37), (1886, 125.17, 198.15), (1887, 123.28, 195.46), (1888, 131.83, 199.18), (1889, 127.41,212.01)}
USC00053010 {(1880, -55.60, 127.72), (1881, -39.02, 124.25), (1882, -51.30, 133.98), (1883, -25.05,130.81)}
USC00061536 {(1885, 17.31, 152.95), (1886, 13.96, 139.78), (1887, -78.74,45.34)}
USC00064767 {(1880, 42.42, 156.23), (1881, 42.80, 153.11), (1882, 36.44, 147.33), (1883, 28.49, 145.51), (1884, 39.87, 150.32), (1885, 31.34, 148.68), (1886, 35.76, 148.40), (1887, 36.45, 148.24), (1888, 28.48, 137.22), (1889, 53.52,151.28)}
USC00065445 {(1884, -44.41, 36.21), (1885, 2.64, 113.21), (1886, 16.52, 122.74), (1887, -105.46,-10.32)}
USC00067361 {(1884, -41.02, 58.02), (1885, 24.96, 132.82), (1886, 27.63, 131.42), (1887, 34.07, 139.78), (1888, 24.35, 126.13), (1889, 48.87,145.63)}
USC00068138 {(1888, 63.52, 167.39), (1889, 40.80,129.39)}
USC00090284 {(1883, -25.00, No Record), (1884, -26.95, 361.00), (1887, -24.38, No Record), (1888, -22.14, No Record), (1889, -20.13,No Record)}
USC00090430 {(1884, 129.40, 250.79), (1885, 86.02, 201.75), (1886, 92.55, 203.45), (1887, 97.57, 198.58), (1888, 106.57, 222.84), (1889, 113.68,214.60)}
USC00092475 {(1886, -22.00,289.00)}
USC00117391 {(1880, 151.64, 281.93), (1888, -43.58, 53.45), (1889, 44.65,158.46)}
USC00134049 {(1883, 87.69, 151.96), (1884, 58.15, 119.52), (1885, 33.26, 93.54), (1886, 47.45, 112.07), (1887, 44.40, 111.86), (1888, -189.81,-121.42)}
USC00144559 {(1880, 48.95, 91.43), (1881, 88.08,-352.52)}
USC00171100 {(1888, 30.80, 117.52), (1889, 35.86,133.12)}
USC00172426 {(1889, 63.00,124.80)}
USC00172740 {(1886, 5.81, 125.08), (1887, -3.95, 123.90), (1888, -10.63, 103.85), (1889, 22.45,161.29)}
USC00173046 {(1886, -3.34, 97.61), (1887, 11.79, 115.43), (1888, 13.25, 109.41), (1889, 34.30,131.38)}
USC00174230 {(1885, -25.35, 57.25), (1886, 6.11, 112.81), (1887, -24.79, 75.12), (1888, -6.51, 74.65), (1889, 31.10,116.67)}
USC00175070 {(1885, 118.39, 239.22), (1886, -109.11, 205.43), (1887, -3.63, 242.10), (1888, -21.70, 226.33), (1889, -33.22,235.21)}
USC00176655 {(1885, 86.90, 142.34), (1886, -6.65,41.43)}
USC00176902 {(1880, 48.83, 135.33), (1881, 51.02, 131.18), (1882, 47.22, 131.46), (1883, 33.99, 125.42), (1884, 44.62, 130.40), (1885, 30.63, 121.65), (1886, 26.62, 111.90), (1887, 26.55, 110.63), (1888, 19.03, 101.09), (1889, 42.67,119.59)}
USC00177827 {(1887, 10.39, 108.95), (1888, -180.40,-53.60)}
USC00190595 {(1885, 79.84, 165.41), (1886, -1.54, 81.67), (1887, -99.72, -14.12), (1888, 8.35, 94.11), (1889, 14.82,83.89)}
USC00190830 {(1889, 64.75,146.66)}
USC00191097 {(1884, -26.22, 59.57), (1885, 38.87, 133.73), (1886, 41.18, 132.98), (1887, 41.46, 132.13), (1888, 33.38, 120.96), (1889, 52.11,136.90)}
USC00191650 {(1885, 46.50, 129.13), (1886, 49.05, 129.57), (1887, 46.43, 128.91), (1888, 40.65, 121.57), (1889, 61.66,135.62)}
USC00191820 {(1885, 30.12, 114.02), (1886, 36.18, 110.82), (1887, 37.53,115.16)}
USC00192010 {(1885, 3.27, No Record), (1886, -15.75, 4.39), (1887, 4.16, 112.53), (1888, 18.75, 128.96), (1889, 39.01,144.87)}
USC00193110 {(1885, 51.28, 172.62), (1886, 20.14, 136.18), (1887, 7.98, 117.36), (1888, -12.82, 108.50), (1889, 30.27,140.18)}
USC00193625 {(1885, -3.55, No Record), (1886, 26.23, No Record), (1887, 27.64, No Record), (1888, 20.25, 383.00), (1889, 41.89,No Record)}
USC00194012 {(1885, 6.69, 154.68), (1888, 27.40,168.00)}
USC00194295 {(1885, 41.30, 132.67), (1886, 45.98, 128.74), (1887, 51.41, 132.57), (1888, 42.01, 123.80), (1889, 67.17,135.77)}
USC00194313 {(1885, 146.10, 241.45), (1889, 45.14,146.18)}
USC00194340 {(1885, -40.16, 117.01), (1886, 32.42, 133.59), (1887, 12.61, 133.92), (1888, -0.03, 119.79), (1889, 25.65,139.01)}
USC00194360 {(1885, 15.12, 90.23), (1886, 46.16, 126.51), (1887, 43.74, 123.67), (1888, 36.48, 115.17), (1889, 58.64,131.53)}
USC00194405 {(1885, 114.17, 183.23), (1886, 120.18, 194.81), (1887, 123.89,191.53)}
USC00194760 {(1885, 42.37, 129.07), (1886, 37.49, 121.65), (1887, -47.37,38.26)}
USC00194795 {(1885, 74.33, 178.59), (1886, 32.88, 138.88), (1887, 36.90, 136.33), (1888, 25.16, 125.95), (1889, 45.49,142.58)}
USC00194875 {(1885, 7.56, 136.34), (1886, 13.25, 142.28), (1887, 15.82, 142.36), (1888, 7.25, 131.32), (1889, 40.49,160.48)}
USC00195145 {(1888, 134.80, 222.88), (1889, 97.41,165.44)}
USC00195317 {(1887, -16.37, 81.03), (1888, -85.85,16.79)}
USC00195891 {(1886, -47.00, No Record), (1887, -47.50,161.50)}
USC00196770 {(1886, 48.91, 168.33), (1887, 28.75, 132.82), (1889, -30.00,-3.23)}
USC00196988 {(1884, -52.21, 1.31), (1885, 19.80, 102.35), (1886, 31.03, 111.13), (1887, 24.90, 107.08), (1888, 15.38, 92.37), (1889, -20.41,50.11)}
USC00197122 {(1889, 180.56,244.49)}
USC00198374 {(1885, 71.65, 176.80), (1886, 38.07, 157.39), (1887, 40.71, 153.85), (1888, 19.58, 126.57), (1889, 56.97,157.10)}
USC00198375 {(1884, -18.02, 82.13), (1885, 27.58, 149.87), (1886, 34.21, 150.50), (1887, 43.71, 155.09), (1888, 23.85, 138.82), (1889, 45.14,154.26)}
USC00198960 {(1885, 78.87, 201.86), (1886, 34.99, 155.87), (1887, 25.36, 146.11), (1888, 15.33, 136.85), (1889, 44.53,147.66)}
USC00199731 {(1885, -32.81, 72.14), (1886, 21.97, 122.23), (1887, 16.18, 119.37), (1888, -13.40,114.78)}
USC00200032 {(1887, -42.79, 78.27), (1888, 9.36, 140.16), (1889, 6.37,118.85)}
USC00200094 {(1889, 35.98,63.80)}
USC00200146 {(1887, 48.49, 176.39), (1888, -0.08, 124.50), (1889, -13.75,118.63)}
USC00200718 {(1888, -33.00,72.00)}
USC00201215 {(1889, 126.97,214.21)}
USC00201744 {(1889, 63.46,176.41)}
USC00202466 {(1889, 149.11,272.21)}
USC00205065 {(1888, 59.18, 130.55), (1889, 32.90,104.94)}
USC00207097 {(1889, 46.60,155.44)}
USC00215638 {(1886, -9.59, 103.41), (1887, -17.58, 95.31), (1888, -13.50, 86.67), (1889, 3.34,115.53)}
USC00241008 {(1880, 72.00,239.00)}
USC00241418 {(1882, -78.00,-11.00)}
USC00252065 {(1889, 181.82,292.37)}
USC00253035 {(1888, -51.65, 102.15), (1889, -21.96,133.07)}
USC00254812 {(1882, -28.43,-256.28)}
USC00260507 {(1887, -13.34, 91.18), (1888, 33.35, 163.20), (1889, 17.31,175.14)}
USC00260770 {(1889, 64.22,178.38)}
USC00261395 {(1889, 86.74,205.38)}
USC00262030 {(1888, No Record,-140.17)}
USC00262383 {(1889, 121.44,251.36)}
USC00262708 {(1888, 78.99, 218.60), (1889, 8.49,175.84)}
USC00263040 {(1888, -34.07, 117.69), (1889, 27.20,179.22)}
USC00263515 {(1887, -33.08, 60.18), (1888, -2.43, 127.79), (1889, 105.20,261.69)}
USC00264939 {(1885, 38.84, 180.15), (1886, 29.67, 172.78), (1887, 15.81, 171.01), (1888, 27.87, 176.74), (1889, -10.01,132.28)}
USC00266252 {(1888, 14.45, 183.34), (1889, 6.80,198.58)}
USC00267835 {(1887, -44.50, 147.89), (1888, 66.13,322.13)}
USC00268349 {(1888, -20.28, 127.92), (1889, -2.95,151.49)}
USC00268761 {(1887, -60.65, 74.19), (1889, 82.97,187.94)}
USC00269430 {(1889, 120.91,246.52)}
USC00270690 {(1886, 11.90, 162.55), (1887, -29.22, 123.36), (1888, -29.63, 104.12), (1889, 25.66,146.65)}
USC00271678 {(1884, -46.57, 52.36), (1885, 15.28, 124.93), (1886, 24.94, 132.80), (1887, 25.81, 128.40), (1888, 17.47, 119.48), (1889, 35.24,139.39)}
USC00271682 {(1880, 31.08, 156.53), (1881, 32.78, 149.53), (1882, 21.53, 145.91), (1883, 10.26, 137.95), (1884, 26.67, 132.85), (1885, 15.04, 126.72), (1886, 24.91, 134.85), (1887, 25.73, 129.67), (1888, 17.67, 120.96), (1889, 35.21,141.29)}
USC00275072 {(1885, 62.71, 179.58), (1886, 37.77, 157.80), (1887, 19.23, 123.19), (1888, 15.94, 123.13), (1889, 28.70,132.55)}
USC00275712 {(1885, -10.95, 89.89), (1886, 21.85, 144.35), (1887, 19.71, 137.64), (1888, 17.17, 135.18), (1889, 35.81,148.65)}
USC00275880 {(1889, 65.59,176.07)}
USC00275997 {(1887, -25.66, 94.12), (1888, -0.74, 124.88), (1889, 18.38,141.11)}
USC00276944 {(1887, -44.05, 60.76), (1888, -13.53,112.33)}
USC00277060 {(1886, 29.15, 166.87), (1887, 3.23,125.29)}
USC00278440 {(1886, 30.94, 178.15), (1887, -8.06, 133.70), (1888, -10.84, 121.75), (1889, 0.00,322.00)}
USC00278854 {(1885, 42.84, 160.11), (1886, 0.95, 113.88), (1887, 5.89, 111.17), (1888, -15.40, 105.19), (1889, 14.93,112.62)}
USC00278875 {(1885, 44.90, 150.23), (1886, -106.03,-32.14)}
USC00279307 {(1886, -21.58, 122.93), (1887, -2.65, 111.61), (1889, -12.45,127.12)}
USC00287865 {(1880, 81.63, 127.07), (1881, 81.94, 157.34), (1882, 80.18, 149.39), (1883, 81.97, 155.58), (1884, 76.99, 152.55), (1885, 67.01, 147.93), (1886, 83.51,141.51)}
USC00288878 {(1880, 101.08, 175.03), (1881, -44.61, 28.64), (1887, 130.93, 196.07), (1888, 90.26, 158.40), (1889, 99.35,171.54)}
USC00298072 {(1880, -3.28, 149.82), (1881, 41.41, 173.97), (1882, 32.95, 163.71), (1883, 3.92, 128.35), (1884, -59.15, 53.42), (1885, 30.66, 154.85), (1886, 31.64, 153.91), (1887, 35.28, 160.99), (1888, 37.74, 159.21), (1889, 37.46,160.00)}
USC00300958 {(1886, 30.18, 119.27), (1887, 74.08, 158.05), (1888, 26.11, 81.34), (1889, 45.99,116.75)}
USC00301010 {(1880, 48.65, 121.91), (1881, 45.05, 124.66), (1882, 46.92, 119.24), (1883, 30.60, 114.75), (1884, 37.55, 119.67), (1885, 27.69, 108.16), (1886, 40.45, 120.84), (1887, 42.52, 127.00), (1888, 32.96, 108.94), (1889, 49.48,119.78)}
USC00301207 {(1888, -72.58,116.05)}
USC00307633 {(1885, 82.13, 154.87), (1886, 63.06, 142.02), (1887, 65.54, 144.25), (1888, 57.48, 136.00), (1889, 21.28,97.99)}
USC00313228 {(1882, No Record,-27.00)}
USC00316103 {(1882, 124.78,No Record)}
USC00318500 {(1887, 21.62,130.59)}
USC00319191 {(1883, 139.50, 230.47), (1887, 12.17, 117.79), (1888, 88.59, 206.12), (1889, 94.09,202.81)}
USC00319462 {(1880, 127.06, 228.24), (1881, 135.71, 224.37), (1882, 136.22, 221.19), (1883, 133.57, 225.18), (1884, 136.15, 229.80), (1885, 123.70, 220.63), (1886, 115.44, 221.86), (1887, 117.25, 219.88), (1888, 122.50, 217.55), (1889, 127.90,216.01)}
USC00324418 {(1881, 167.00,283.00)}
USC00331662 {(1880, 57.43, 143.30), (1881, 58.28, 139.27), (1882, 56.28, 138.20), (1883, 41.87, 132.33), (1884, 48.15, 137.59), (1885, 36.36, 124.71), (1886, 44.60, 136.71), (1887, 49.23, 141.48), (1888, 47.06, 132.73), (1889, 59.81,140.65)}
USC00338366 {(1880, 69.27, 153.39), (1881, 70.30, 151.23), (1882, 66.42, 147.68), (1883, 47.66, 137.59), (1884, 55.69, 144.35), (1885, 40.25, 128.57), (1886, 40.89, 138.72), (1887, 46.00, 142.79), (1888, 39.46, 134.35), (1889, 53.44,145.91)}
USC00343300 {(1880, 94.19, 219.29), (1881, 107.59, 231.29), (1882, 100.12, 224.81), (1883, 93.07, 223.34), (1884, 118.97, 250.35), (1885, 70.65, 215.25), (1886, 94.84, 227.39), (1887, 97.69, 227.30), (1888, 86.23, 216.13), (1889, 94.33,220.50)}
USC00348285 {(1888, 22.00,183.00)}
USC00354506 {(1887, 35.75, 187.32), (1888, -9.50, 110.32), (1889, 20.49,159.85)}
USC00354670 {(1887, 30.09, 183.99), (1888, -12.55,125.52)}
USC00363711 {(1888, 89.91, 172.52), (1889, 69.56,153.27)}
USC00367239 {(1884, 1.61, 209.34), (1885, 35.97, 111.27), (1886, 40.98, 119.57), (1887, 36.79, 145.44), (1888, 29.89, 148.05), (1889, 47.66,161.99)}
USC00383742 {(1884, 147.18, 286.56), (1885, 154.69, 283.63), (1886, 153.54, 291.80), (1887, 155.66, 296.32), (1888, 147.20, 281.07), (1889, 133.11,262.51)}
USC00406012 {(1883, 20.50,138.45)}
USC00413257 {(1880, 118.81, 234.55), (1881, 115.32, 221.04), (1882, 113.96, 243.39), (1883, -8.27,137.94)}
USC00413270 {(1880, 71.59,215.96)}
USC00419421 {(1883, 193.32, 342.14), (1884, 185.08, 307.04), (1885, 191.01, 303.68), (1886, 200.89, 319.39), (1887, 203.42, 324.33), (1888, 162.06,278.83)}
USC00422996 {(1887, -378.29, -44.61), (1888, -44.89, 164.74), (1889, -5.38,153.47)}
USC00431072 {(1883, No Record, -5.03), (1884, -66.71, 110.89), (1885, -92.90, 116.55), (1886, -65.13, 89.94), (1887, -73.12, 92.37), (1888, -83.29, 101.80), (1889, -44.41,118.71)}
USC00435733 {(1887, 18.28, 131.49), (1888, -10.70, 95.71), (1889, 9.10,112.41)}
USC00444876 {(1889, 91.80,215.83)}
USC00456109 {(1880, 43.65, 137.96), (1881, 53.10, 138.45), (1882, 50.54, 141.76), (1883, 52.40, 146.74), (1884, 53.54, 150.36), (1885, 59.08, 168.36), (1886, 53.70, 155.49), (1887, 47.16, 144.12), (1888, 55.89, 157.48), (1889, 54.49,165.16)}
USC00462735 {(1889, 105.15,166.54)}
USC00463100 {(1882, -14.11,97.79)}
USC00464045 {(1883, 88.40, 200.74), (1884, 50.08, 166.95), (1885, 40.27, 148.18), (1886, 49.15, 158.40), (1887, 59.91, 167.17), (1888, 59.78, 148.31), (1889, -20.90,65.06)}
USC00464897 {(1889, 108.37,184.95)}
USC00466207 {(1880, 80.82, 176.13), (1881, 80.31, 174.22), (1882, 75.83, 166.24), (1883, -21.36,77.17)}
USC00469368 {(1881, No Record,-180.50)}
USC00474375 {(1880, 37.87, 131.75), (1881, 44.19, 130.03), (1882, 46.49, 130.16), (1883, 19.47, 107.32), (1884, 31.68, 117.84), (1885, 27.13, 113.17), (1886, 38.50, 133.27), (1887, 20.47, 128.70), (1888, 13.37, 109.17), (1889, 29.27,133.90)}
USC00474966 {(1880, 42.81, 135.86), (1881, 41.32, 133.49), (1882, 44.43, 132.72), (1883, 16.47, 110.64), (1884, 20.35, 109.32), (1885, 13.78, 101.23), (1886, 25.68, 121.62), (1887, 23.66, 123.26), (1888, 17.51, 108.71), (1889, 36.63,126.75)}
USC00475484 {(1880, 40.93, 128.12), (1881, 42.10, 121.77), (1882, 48.40, 124.89), (1883, 22.35, 106.34), (1884, 26.03, 110.50), (1885, 12.96, 99.66), (1886, 25.40, 115.38), (1887, 28.30, 117.13), (1888, 22.11, 105.01), (1889, 39.01,118.32)}
USC00481816 {(1881, 100.00,267.00)}
USC00485355 {(1881, 878.00,44.00)}
USC00486120 {(1881, 211.00,44.00)}
USW00012945 {(1883, 196.24, 325.92), (1884, 192.86, 313.48), (1885, 198.59, 301.09), (1886, 197.01, 306.40), (1887, 192.65, 317.20), (1888, 193.45,297.38)}
USW00013724 {(1880, 77.80, 157.97), (1881, 79.69, 150.91), (1882, 76.28, 149.95), (1883, 68.96, 143.74), (1884, 76.53, 152.38), (1885, 65.79, 145.07), (1886, 69.34, 148.02), (1887, 75.58, 150.30), (1888, 65.17, 143.78), (1889, 80.65,146.22)}
USW00013736 {(1880, 77.72, 171.69), (1881, 79.78, 174.22), (1882, 75.70, 166.10), (1883, -21.19,77.52)}
USW00013872 {(1880, 15.40, 116.11), (1887, 79.35, 184.90), (1889, 73.40,190.60)}
USW00013984 {(1885, 89.20, 211.98), (1886, 45.22, 170.04), (1887, 48.40, 176.93), (1888, 45.38, 175.02), (1889, 55.56,176.96)}
USW00014838 {(1880, 4.91, 105.44), (1881, 2.58, 79.50), (1882, 14.95, 106.54), (1883, -32.83, 82.01), (1884, -97.75, 9.07), (1885, 14.07, 108.99), (1886, -0.81, 97.94), (1887, 9.63, 103.07), (1888, -10.33, 75.58), (1889, 13.39,96.01)}
USW00014898 {(1886, -9.05, 82.71), (1887, 9.85, 110.42), (1888, 4.96, 98.58), (1889, 22.06,113.27)}
USW00014936 {(1881, 45.29, 161.40), (1882, 5.95, 133.32), (1883, -10.90, 114.94), (1884, -10.09, 119.86), (1885, -1.65, 122.11), (1886, -6.98, 130.45), (1887, -13.16, 121.62), (1888, -14.17, 120.05), (1889, 0.40,138.47)}
USW00014971 {(1883, 103.62, 194.46), (1886, -23.82, 92.87), (1887, -76.08, 98.52), (1888, 29.88, 152.22), (1889, 30.80,172.43)}
USW00023068 {(1884, 64.97, 180.54), (1888, 59.68, 222.21), (1889, 34.63,189.72)}
USW00023271 {(1880, 86.46, 203.79), (1881, 99.56, 214.45), (1882, 93.37, 212.28), (1883, 93.08, 219.47), (1884, 98.73, 211.71), (1885, 110.65, 229.68), (1886, 94.27, 217.83), (1887, 87.87, 228.09), (1888, 97.72, 230.54), (1889, 96.44,225.21)}
USW00024121 {(1888, -13.58, 228.21), (1889, -28.53,222.62)}
USW00024128 {(1880, 2.92, 172.29), (1881, 17.40, 173.41), (1882, 4.42, 159.96), (1883, -29.64, 123.53), (1884, -51.48, 66.32), (1885, 33.36, 180.79), (1886, 17.13, 177.42), (1887, 7.31, 178.73), (1888, 19.91, 178.40), (1889, 20.67,179.09)}
USW00024157 {(1889, 31.35,149.06)}
USW00024274 {(1880, 61.57, 148.98), (1881, 74.22, 158.78), (1882, 69.46, 162.01), (1883, 69.31, 165.15), (1884, 64.59, 164.23), (1885, 73.43, 189.45), (1886, 70.46, 171.49), (1887, 65.50, 162.07), (1888, 69.76, 173.11), (1889, 71.93,181.49)}
USW00053875 {(1880, 114.58, 207.75), (1881, 115.65, 211.85), (1882, 115.98, 208.43), (1883, 113.83, 214.16), (1884, 107.99, 208.36), (1885, 97.77, 197.07), (1886, 92.25, 199.31), (1887, 104.66, 215.75), (1888, 105.27, 211.54), (1889, 102.96,213.33)}
USW00053919 {(1883, 151.36, 293.58), (1884, 153.56, 293.21), (1885, 172.93, 301.90), (1886, 174.65, 306.13), (1887, 118.45, 316.38), (1888, 116.69, 242.25), (1889, 103.90,257.06)}
USW00093725 {(1880, 82.82, 184.05), (1881, 75.76, 173.64), (1882, 82.20, 177.31), (1883, 74.32, 175.42), (1884, 81.10, 182.10), (1885, 55.46, 168.29), (1886, 71.98, 137.48), (1887, 79.30, 176.41), (1888, 73.05, 169.28), (1889, 83.18,175.21)}
USW00093820 {(1887, -11.49, 95.10), (1888, 69.41, 176.13), (1889, 84.11,180.57)}
USW00093852 {(1880, 174.23, 259.01), (1881, 173.59, 257.90), (1882, 174.91, 258.61), (1883, 175.69, 260.79), (1884, 167.95, 255.37), (1885, 159.42, 247.28), (1886, 155.87, 245.44), (1887, 155.53, 252.73), (1888, 159.48, 257.34), (1889, 151.29,253.62)}
USW00094728 {(1880, 75.76, 156.99), (1881, 73.45, 152.56), (1882, 73.40, 146.64), (1883, 62.87, 139.95), (1884, 75.69, 149.18), (1885, 64.59, 143.37), (1886, 66.50, 148.82), (1887, 64.60, 146.49), (1888, 57.22, 136.85), (1889, 78.42,154.22)}
UZM00038457 {(1881, 116.00, 240.64), (1882, 104.96, 198.77), (1883, 105.08, 216.35), (1884, 139.34, 168.28), (1889, -127.61,No Record)}
UZM00038618 {(1881, -9.80, No Record), (1882, 55.02, No Record), (1883, 68.42, No Record), (1884, 65.82, No Record), (1888, 83.09, No Record), (1889, 64.32,No Record)}
